function [tagPosition, rxPosition, freq] = tag_antenna_positions3D_func()

% Tags positions.
tagPosition = [116,0,113;96,0,113;76,0,113;56,0,113;36,0,113;
 116,0,113+16; 96,0,113+16;76,0,113+16; 56,0,113+16; 36,0,113+16;
 116,0,113+41; 96,0,113+41;76,0,113+41; 56,0,113+41; 36,0,113+41;
 116,0,113+57; 96,0,113+57;76,0,113+57; 56,0,113+57; 36,0,113+57;

 0,36,111.5;0,56,111.5;0,76,111.5;0,96,111.5;0,112,111.5;
 0,36,111.5+16;0,56,111.5+16;0,76,111.5+16;0,96,111.5+16;0,112,111.5+16;
 0,36,111.5+41.5;0,56,111.5+41.5;0,76,111.5+41.5;0,96,111.5+41.5;0,112,111.5+41.5;
 0,36,111.5+56.5;0,56,111.5+56.5;0,76,111.5+56.5;0,96,111.5+56.5;0,112,111.5+56.5;

 36,152,111.8;56,152,111.8;76,152,111.8;96,152,111.8;116,152,111.8;
 36,152,111.8+16.7;56,152,111.8+16.7;76,152,111.8+16.7;96,152,111.8+16.7;116,152,111.8+16.7;
 36,152,111.8+41.7;56,152,111.8+41.7;76,152,111.8+41.7;96,152,111.8+41.7;116,152,111.8+41.7;
 36,152,111.8+56.7;56,152,111.8+56.7;76,152,111.8+56.7;96,152,111.8+56.7;116,152,111.8+56.7;

 152, 116,113; 152, 96,113; 152,76,113; 152, 56,113; 152,36,113;
 152, 116,113+17; 152, 96,113+17; 152,76,113+17; 152, 56,113+17; 152,36,113+17;
 152, 116,113+41.5; 152, 96,113+41.5; 152,76,113+41.5; 152,56,113+41.5; 152,36,113+41.5;
 152, 116,113+58.5; 152, 96,113+58.5; 152,76,113+58.5; 152,56,113+58.5; 152,36,113+58.5]*0.01;
 
% Receiver antennas locations.
% a=0.27;
% rxPosition = [0.14+a,0.14+a,0.8;
%     0.14+a, 1.37-a, 0.8;
%     1.37-a, 1.37-a, 0.8
% ];
rxPosition = [0.46,0.46,0;
    0.46, 1.06, 0;
    1.06, 1.06, 0;
1.06, 0.46, 0];
% rxPosition = [0.46,0.46,0.16;
%     0.46, 1.06, 0.16;
%     1.06, 1.06, 0.16
% ];

% Frequency channels.
freq = [905.25, 909.25, 913.25, 917.25, 921.25, 925.25].* 1e6;

end
